Players: 2 unsigned
0.494 0.263 0.265 0.269 0.321 0.374 0.418 0.436 0.465 0.478 0.498 0.578 0.441 
0.263 0.713 0.268 0.271 0.273 0.274 0.421 0.284 0.459 0.288 0.500 0.526 0.663 
0.265 0.268 0.523 0.273 0.220 0.453 0.281 0.283 0.461 0.543 0.501 0.677 0.440 
0.269 0.271 0.273 0.539 0.277 0.398 0.286 0.442 0.521 0.551 0.512 0.537 0.446 
0.321 0.273 0.220 0.277 0.550 0.285 0.288 0.450 0.296 0.490 0.508 0.528 0.512 
0.374 0.274 0.453 0.398 0.285 0.563 0.293 0.521 0.533 0.353 0.573 0.355 0.515 
0.418 0.421 0.281 0.286 0.288 0.293 0.789 0.518 0.538 0.562 0.589 0.542 0.517 
0.436 0.284 0.283 0.442 0.450 0.521 0.518 0.591 0.542 0.562 0.596 0.546 0.459 
0.465 0.459 0.461 0.521 0.296 0.533 0.538 0.542 0.817 0.571 0.602 0.617 0.524 
0.478 0.288 0.543 0.551 0.490 0.353 0.562 0.562 0.571 0.839 0.596 0.615 0.527 
0.498 0.500 0.501 0.512 0.508 0.573 0.589 0.596 0.602 0.596 0.851 0.629 0.525 
0.578 0.526 0.677 0.537 0.528 0.355 0.542 0.546 0.617 0.615 0.629 0.867 0.536 
0.441 0.663 0.440 0.446 0.512 0.515 0.517 0.459 0.524 0.527 0.525 0.536 0.852 

Players: 2 signed
0.000 0.302 0.305 0.301 0.443 0.315 0.446 0.466 0.487 0.505 0.327 0.594 0.526 
0.302 0.000 0.309 0.304 0.408 0.316 0.322 0.478 0.242 0.518 0.529 0.542 0.483 
0.305 0.309 0.000 0.310 0.318 0.315 0.321 0.324 0.320 0.330 0.580 0.597 0.487 
0.301 0.304 0.310 0.000 0.323 0.483 0.518 0.487 0.326 0.513 0.601 0.605 0.537 
0.443 0.408 0.318 0.323 0.000 0.327 0.511 0.480 0.335 0.338 0.642 0.550 0.477 
0.315 0.316 0.315 0.483 0.327 0.000 0.327 0.488 0.576 0.599 0.596 0.634 0.544 
0.446 0.322 0.321 0.518 0.511 0.327 0.000 0.542 0.547 0.584 0.543 0.555 0.543 
0.466 0.478 0.324 0.487 0.480 0.488 0.542 0.000 0.567 0.587 0.623 0.559 0.546 
0.487 0.242 0.320 0.326 0.335 0.576 0.547 0.567 0.000 0.591 0.612 0.629 0.493 
0.505 0.518 0.330 0.513 0.338 0.599 0.584 0.587 0.591 0.000 0.611 0.652 0.571 
0.327 0.529 0.580 0.601 0.642 0.596 0.543 0.623 0.612 0.611 0.000 0.635 0.555 
0.594 0.542 0.597 0.605 0.550 0.634 0.555 0.559 0.629 0.652 0.635 0.000 0.558 
0.526 0.483 0.487 0.537 0.477 0.544 0.543 0.546 0.493 0.571 0.555 0.558 0.000 

Players: 3 unsigned
0.023 0.078 0.053 0.025 0.080 0.073 0.014 0.114 0.137 0.177 0.176 0.247 0.112 
0.078 0.059 0.031 0.035 0.069 0.102 0.092 0.088 0.081 0.138 0.160 0.174 0.036 
0.053 0.031 0.145 0.032 0.043 0.047 0.116 0.081 0.175 0.195 0.173 0.269 0.127 
0.025 0.035 0.032 0.160 0.112 0.129 0.060 0.108 0.178 0.098 0.221 0.117 0.126 
0.080 0.069 0.043 0.112 0.234 0.091 0.129 0.207 0.070 0.246 0.089 0.244 0.194 
0.073 0.102 0.047 0.129 0.091 0.295 0.155 0.115 0.230 0.189 0.232 0.299 0.197 
0.014 0.092 0.116 0.060 0.129 0.155 0.236 0.234 0.167 0.128 0.185 0.339 0.143 
0.114 0.088 0.081 0.108 0.207 0.115 0.234 0.402 0.138 0.208 0.190 0.289 0.179 
0.137 0.081 0.175 0.178 0.070 0.230 0.167 0.138 0.388 0.144 0.314 0.349 0.150 
0.177 0.138 0.195 0.098 0.246 0.189 0.128 0.208 0.144 0.497 0.331 0.354 0.240 
0.176 0.160 0.173 0.221 0.089 0.232 0.185 0.190 0.314 0.331 0.543 0.367 0.348 
0.247 0.174 0.269 0.117 0.244 0.299 0.339 0.289 0.349 0.354 0.367 0.588 0.311 
0.112 0.036 0.127 0.126 0.194 0.197 0.143 0.179 0.150 0.240 0.348 0.311 0.610 

Players: 3 signed
0.000 0.080 0.053 0.038 0.061 0.068 0.162 0.108 0.075 0.238 0.223 0.299 0.094 
0.080 0.000 0.061 0.081 0.061 0.057 0.118 0.057 0.083 0.204 0.224 0.244 0.155 
0.053 0.061 0.000 0.100 0.092 0.075 0.078 0.086 0.112 0.128 0.104 0.231 0.179 
0.038 0.081 0.100 0.000 0.177 0.116 0.124 0.085 0.177 0.144 0.197 0.315 0.216 
0.061 0.061 0.092 0.177 0.000 0.154 0.085 0.189 0.178 0.140 0.324 0.157 0.186 
0.068 0.057 0.075 0.116 0.154 0.000 0.167 0.246 0.137 0.251 0.274 0.278 0.177 
0.162 0.118 0.078 0.124 0.085 0.167 0.000 0.120 0.199 0.264 0.328 0.383 0.196 
0.108 0.057 0.086 0.085 0.189 0.246 0.120 0.000 0.209 0.309 0.269 0.279 0.373 
0.075 0.083 0.112 0.177 0.178 0.137 0.199 0.209 0.000 0.328 0.319 0.408 0.275 
0.238 0.204 0.128 0.144 0.140 0.251 0.264 0.309 0.328 0.000 0.355 0.392 0.329 
0.223 0.224 0.104 0.197 0.324 0.274 0.328 0.269 0.319 0.355 0.000 0.392 0.294 
0.299 0.244 0.231 0.315 0.157 0.278 0.383 0.279 0.408 0.392 0.392 0.000 0.346 
0.094 0.155 0.179 0.216 0.186 0.177 0.196 0.373 0.275 0.329 0.294 0.346 0.000 

Players: 4 unsigned
0.077 0.007 0.010 0.036 0.042 0.054 0.021 0.064 0.013 0.033 0.080 0.012 0.048 
0.007 0.023 0.008 0.013 0.035 0.021 0.027 0.079 0.053 0.033 0.085 0.091 0.053 
0.010 0.008 0.032 0.018 0.044 0.027 0.015 0.025 0.057 0.025 0.100 0.034 0.060 
0.036 0.013 0.018 0.039 0.028 0.098 0.074 0.079 0.098 0.115 0.067 0.121 0.059 
0.042 0.035 0.044 0.028 0.068 0.026 0.041 0.057 0.075 0.095 0.105 0.097 0.092 
0.054 0.021 0.027 0.098 0.026 0.078 0.034 0.047 0.036 0.097 0.101 0.143 0.078 
0.021 0.027 0.015 0.074 0.041 0.034 0.176 0.097 0.047 0.079 0.124 0.099 0.119 
0.064 0.079 0.025 0.079 0.057 0.047 0.097 0.091 0.146 0.131 0.201 0.161 0.129 
0.013 0.053 0.057 0.098 0.075 0.036 0.047 0.146 0.214 0.146 0.136 0.200 0.198 
0.033 0.033 0.025 0.115 0.095 0.097 0.079 0.131 0.146 0.238 0.201 0.210 0.123 
0.080 0.085 0.100 0.067 0.105 0.101 0.124 0.201 0.136 0.201 0.341 0.253 0.190 
0.012 0.091 0.034 0.121 0.097 0.143 0.099 0.161 0.200 0.210 0.253 0.441 0.181 
0.048 0.053 0.060 0.059 0.092 0.078 0.119 0.129 0.198 0.123 0.190 0.181 0.372 

Players: 4 signed
0.000 0.025 0.038 0.028 0.053 0.083 0.083 0.033 0.036 0.071 0.074 0.128 0.094 
0.025 0.000 0.034 0.031 0.041 0.041 0.077 0.097 0.070 0.075 0.123 0.139 0.109 
0.038 0.034 0.000 0.034 0.089 0.052 0.059 0.086 0.086 0.090 0.136 0.051 0.168 
0.028 0.031 0.034 0.000 0.043 0.055 0.057 0.094 0.053 0.103 0.096 0.151 0.147 
0.053 0.041 0.089 0.043 0.000 0.059 0.047 0.103 0.108 0.164 0.143 0.083 0.146 
0.083 0.041 0.052 0.055 0.059 0.000 0.060 0.148 0.110 0.078 0.133 0.148 0.158 
0.083 0.077 0.059 0.057 0.047 0.060 0.000 0.114 0.168 0.144 0.148 0.222 0.199 
0.033 0.097 0.086 0.094 0.103 0.148 0.114 0.000 0.175 0.141 0.217 0.232 0.129 
0.036 0.070 0.086 0.053 0.108 0.110 0.168 0.175 0.000 0.206 0.083 0.207 0.238 
0.071 0.075 0.090 0.103 0.164 0.078 0.144 0.141 0.206 0.000 0.234 0.195 0.198 
0.074 0.123 0.136 0.096 0.143 0.133 0.148 0.217 0.083 0.234 0.000 0.277 0.240 
0.128 0.139 0.051 0.151 0.083 0.148 0.222 0.232 0.207 0.195 0.277 0.000 0.265 
0.094 0.109 0.168 0.147 0.146 0.158 0.199 0.129 0.238 0.198 0.240 0.265 0.000 

Players: 5 unsigned
0.001 0.001 0.000 0.002 0.002 0.001 0.003 0.004 0.015 0.006 0.011 0.036 0.021 
0.001 0.001 0.000 0.001 0.002 0.002 0.008 0.001 0.007 0.010 0.010 0.026 0.013 
0.000 0.000 0.006 0.001 0.005 0.011 0.010 0.013 0.007 0.013 0.012 0.014 0.016 
0.002 0.001 0.001 0.002 0.007 0.011 0.004 0.004 0.012 0.023 0.018 0.026 0.041 
0.002 0.002 0.005 0.007 0.007 0.003 0.004 0.010 0.018 0.017 0.041 0.048 0.021 
0.001 0.002 0.011 0.011 0.003 0.015 0.019 0.016 0.021 0.034 0.025 0.034 0.055 
0.003 0.008 0.010 0.004 0.004 0.019 0.023 0.028 0.056 0.042 0.061 0.073 0.037 
0.004 0.001 0.013 0.004 0.010 0.016 0.028 0.027 0.014 0.036 0.052 0.058 0.056 
0.015 0.007 0.007 0.012 0.018 0.021 0.056 0.014 0.052 0.062 0.060 0.113 0.044 
0.006 0.010 0.013 0.023 0.017 0.034 0.042 0.036 0.062 0.102 0.061 0.117 0.081 
0.011 0.010 0.012 0.018 0.041 0.025 0.061 0.052 0.060 0.061 0.088 0.136 0.114 
0.036 0.026 0.014 0.026 0.048 0.034 0.073 0.058 0.113 0.117 0.136 0.121 0.129 
0.021 0.013 0.016 0.041 0.021 0.055 0.037 0.056 0.044 0.081 0.114 0.129 0.225 

Players: 5 signed
0.000 0.004 0.003 0.012 0.011 0.011 0.012 0.021 0.025 0.030 0.037 0.050 0.050 
0.004 0.000 0.006 0.009 0.005 0.014 0.022 0.016 0.014 0.016 0.036 0.042 0.048 
0.003 0.006 0.000 0.015 0.008 0.020 0.013 0.013 0.027 0.033 0.045 0.064 0.049 
0.012 0.009 0.015 0.000 0.012 0.012 0.007 0.026 0.022 0.033 0.038 0.043 0.043 
0.011 0.005 0.008 0.012 0.000 0.022 0.023 0.028 0.043 0.042 0.061 0.070 0.065 
0.011 0.014 0.020 0.012 0.022 0.000 0.048 0.026 0.039 0.052 0.070 0.055 0.090 
0.012 0.022 0.013 0.007 0.023 0.048 0.000 0.043 0.053 0.023 0.071 0.080 0.098 
0.021 0.016 0.013 0.026 0.028 0.026 0.043 0.000 0.037 0.067 0.079 0.100 0.079 
0.025 0.014 0.027 0.022 0.043 0.039 0.053 0.037 0.000 0.090 0.066 0.103 0.093 
0.030 0.016 0.033 0.033 0.042 0.052 0.023 0.067 0.090 0.000 0.128 0.162 0.138 
0.037 0.036 0.045 0.038 0.061 0.070 0.071 0.079 0.066 0.128 0.000 0.168 0.155 
0.050 0.042 0.064 0.043 0.070 0.055 0.080 0.100 0.103 0.162 0.168 0.000 0.175 
0.050 0.048 0.049 0.043 0.065 0.090 0.098 0.079 0.093 0.138 0.155 0.175 0.000 

Players: 6 unsigned
0.001 0.001 0.001 0.000 0.001 0.002 0.002 0.004 0.003 0.010 0.015 0.011 0.020 
0.001 0.000 0.000 0.000 0.003 0.000 0.002 0.007 0.004 0.004 0.008 0.019 0.011 
0.001 0.000 0.001 0.001 0.002 0.003 0.003 0.004 0.009 0.011 0.007 0.017 0.017 
0.000 0.000 0.001 0.002 0.002 0.005 0.004 0.006 0.008 0.010 0.020 0.033 0.008 
0.001 0.003 0.002 0.002 0.003 0.002 0.001 0.009 0.009 0.005 0.023 0.014 0.012 
0.002 0.000 0.003 0.005 0.002 0.017 0.011 0.010 0.025 0.020 0.021 0.034 0.037 
0.002 0.002 0.003 0.004 0.001 0.011 0.010 0.023 0.017 0.020 0.023 0.027 0.026 
0.004 0.007 0.004 0.006 0.009 0.010 0.023 0.029 0.025 0.019 0.053 0.039 0.054 
0.003 0.004 0.009 0.008 0.009 0.025 0.017 0.025 0.041 0.032 0.038 0.053 0.036 
0.010 0.004 0.011 0.010 0.005 0.020 0.020 0.019 0.032 0.070 0.048 0.087 0.069 
0.015 0.008 0.007 0.020 0.023 0.021 0.023 0.053 0.038 0.048 0.080 0.066 0.081 
0.011 0.019 0.017 0.033 0.014 0.034 0.027 0.039 0.053 0.087 0.066 0.130 0.048 
0.020 0.011 0.017 0.008 0.012 0.037 0.026 0.054 0.036 0.069 0.081 0.048 0.156 

Players: 6 signed
0.000 0.005 0.005 0.008 0.008 0.007 0.009 0.010 0.018 0.017 0.017 0.027 0.044 
0.005 0.000 0.007 0.005 0.009 0.009 0.010 0.010 0.024 0.020 0.026 0.032 0.044 
0.005 0.007 0.000 0.006 0.005 0.008 0.018 0.010 0.017 0.027 0.033 0.046 0.036 
0.008 0.005 0.006 0.000 0.008 0.012 0.011 0.019 0.028 0.032 0.022 0.048 0.038 
0.008 0.009 0.005 0.008 0.000 0.009 0.013 0.020 0.014 0.027 0.028 0.031 0.034 
0.007 0.009 0.008 0.012 0.009 0.000 0.019 0.012 0.020 0.016 0.047 0.038 0.050 
0.009 0.010 0.018 0.011 0.013 0.019 0.000 0.018 0.039 0.023 0.038 0.054 0.075 
0.010 0.010 0.010 0.019 0.020 0.012 0.018 0.000 0.045 0.051 0.072 0.045 0.085 
0.018 0.024 0.017 0.028 0.014 0.020 0.039 0.045 0.000 0.038 0.062 0.086 0.066 
0.017 0.020 0.027 0.032 0.027 0.016 0.023 0.051 0.038 0.000 0.038 0.091 0.109 
0.017 0.026 0.033 0.022 0.028 0.047 0.038 0.072 0.062 0.038 0.000 0.114 0.129 
0.027 0.032 0.046 0.048 0.031 0.038 0.054 0.045 0.086 0.091 0.114 0.000 0.132 
0.044 0.044 0.036 0.038 0.034 0.050 0.075 0.085 0.066 0.109 0.129 0.132 0.000 

Players: 7 unsigned
0.000 0.000 0.000 0.003 0.000 0.000 0.001 0.001 0.005 0.003 0.009 0.010 0.007 
0.000 0.000 0.000 0.001 0.001 0.001 0.002 0.003 0.001 0.008 0.005 0.012 0.006 
0.000 0.000 0.001 0.001 0.001 0.000 0.002 0.002 0.003 0.004 0.003 0.009 0.004 
0.003 0.001 0.001 0.001 0.000 0.002 0.001 0.000 0.004 0.005 0.010 0.002 0.011 
0.000 0.001 0.001 0.000 0.001 0.001 0.002 0.003 0.011 0.004 0.004 0.012 0.015 
0.000 0.001 0.000 0.002 0.001 0.007 0.005 0.001 0.004 0.006 0.008 0.022 0.018 
0.001 0.002 0.002 0.001 0.002 0.005 0.011 0.004 0.008 0.008 0.013 0.018 0.013 
0.001 0.003 0.002 0.000 0.003 0.001 0.004 0.005 0.020 0.003 0.014 0.026 0.025 
0.005 0.001 0.003 0.004 0.011 0.004 0.008 0.020 0.025 0.027 0.014 0.021 0.023 
0.003 0.008 0.004 0.005 0.004 0.006 0.008 0.003 0.027 0.032 0.045 0.018 0.015 
0.009 0.005 0.003 0.010 0.004 0.008 0.013 0.014 0.014 0.045 0.033 0.030 0.051 
0.010 0.012 0.009 0.002 0.012 0.022 0.018 0.026 0.021 0.018 0.030 0.068 0.067 
0.007 0.006 0.004 0.011 0.015 0.018 0.013 0.025 0.023 0.015 0.051 0.067 0.091 

Players: 7 signed
0.000 0.003 0.004 0.003 0.005 0.003 0.005 0.003 0.009 0.014 0.021 0.028 0.041 
0.003 0.000 0.002 0.005 0.002 0.005 0.007 0.007 0.009 0.008 0.025 0.028 0.036 
0.004 0.002 0.000 0.004 0.004 0.004 0.004 0.006 0.008 0.018 0.023 0.018 0.039 
0.003 0.005 0.004 0.000 0.004 0.007 0.009 0.011 0.014 0.013 0.025 0.024 0.039 
0.005 0.002 0.004 0.004 0.000 0.007 0.008 0.006 0.012 0.022 0.026 0.024 0.034 
0.003 0.005 0.004 0.007 0.007 0.000 0.008 0.013 0.013 0.031 0.024 0.042 0.036 
0.005 0.007 0.004 0.009 0.008 0.008 0.000 0.014 0.011 0.029 0.024 0.031 0.053 
0.003 0.007 0.006 0.011 0.006 0.013 0.014 0.000 0.023 0.031 0.033 0.048 0.046 
0.009 0.009 0.008 0.014 0.012 0.013 0.011 0.023 0.000 0.031 0.026 0.065 0.081 
0.014 0.008 0.018 0.013 0.022 0.031 0.029 0.031 0.031 0.000 0.045 0.063 0.063 
0.021 0.025 0.023 0.025 0.026 0.024 0.024 0.033 0.026 0.045 0.000 0.089 0.098 
0.028 0.028 0.018 0.024 0.024 0.042 0.031 0.048 0.065 0.063 0.089 0.000 0.104 
0.041 0.036 0.039 0.039 0.034 0.036 0.053 0.046 0.081 0.063 0.098 0.104 0.000 

Players: 8 unsigned
0.000 0.000 0.001 0.000 0.001 0.000 0.000 0.003 0.001 0.003 0.001 0.004 0.007 
0.000 0.000 0.000 0.000 0.001 0.001 0.000 0.001 0.000 0.000 0.002 0.005 0.003 
0.001 0.000 0.000 0.001 0.000 0.001 0.001 0.000 0.004 0.001 0.006 0.009 0.005 
0.000 0.000 0.001 0.001 0.000 0.001 0.000 0.001 0.004 0.001 0.002 0.006 0.009 
0.001 0.001 0.000 0.000 0.001 0.001 0.001 0.001 0.001 0.004 0.005 0.006 0.006 
0.000 0.001 0.001 0.001 0.001 0.001 0.002 0.000 0.003 0.003 0.009 0.005 0.008 
0.000 0.000 0.001 0.000 0.001 0.002 0.002 0.004 0.003 0.006 0.007 0.007 0.013 
0.003 0.001 0.000 0.001 0.001 0.000 0.004 0.007 0.004 0.008 0.006 0.004 0.017 
0.001 0.000 0.004 0.004 0.001 0.003 0.003 0.004 0.013 0.004 0.015 0.012 0.020 
0.003 0.000 0.001 0.001 0.004 0.003 0.006 0.008 0.004 0.012 0.018 0.017 0.022 
0.001 0.002 0.006 0.002 0.005 0.009 0.007 0.006 0.015 0.018 0.020 0.026 0.037 
0.004 0.005 0.009 0.006 0.006 0.005 0.007 0.004 0.012 0.017 0.026 0.047 0.056 
0.007 0.003 0.005 0.009 0.006 0.008 0.013 0.017 0.020 0.022 0.037 0.056 0.048 

Players: 8 signed
0.000 0.002 0.002 0.001 0.005 0.003 0.006 0.004 0.011 0.012 0.017 0.012 0.034 
0.002 0.000 0.002 0.003 0.002 0.005 0.005 0.012 0.008 0.010 0.014 0.021 0.033 
0.002 0.002 0.000 0.005 0.002 0.003 0.006 0.008 0.013 0.010 0.013 0.016 0.034 
0.001 0.003 0.005 0.000 0.003 0.005 0.005 0.008 0.013 0.011 0.014 0.021 0.039 
0.005 0.002 0.002 0.003 0.000 0.005 0.006 0.007 0.009 0.015 0.023 0.023 0.034 
0.003 0.005 0.003 0.005 0.005 0.000 0.007 0.006 0.014 0.016 0.007 0.022 0.037 
0.006 0.005 0.006 0.005 0.006 0.007 0.000 0.004 0.020 0.017 0.018 0.021 0.034 
0.004 0.012 0.008 0.008 0.007 0.006 0.004 0.000 0.016 0.014 0.028 0.040 0.055 
0.011 0.008 0.013 0.013 0.009 0.014 0.020 0.016 0.000 0.016 0.038 0.039 0.055 
0.012 0.010 0.010 0.011 0.015 0.016 0.017 0.014 0.016 0.000 0.029 0.045 0.040 
0.017 0.014 0.013 0.014 0.023 0.007 0.018 0.028 0.038 0.029 0.000 0.062 0.074 
0.012 0.021 0.016 0.021 0.023 0.022 0.021 0.040 0.039 0.045 0.062 0.000 0.094 
0.034 0.033 0.034 0.039 0.034 0.037 0.034 0.055 0.055 0.040 0.074 0.094 0.000 

Players: 9 unsigned
0.000 0.000 0.000 0.000 0.000 0.000 0.001 0.001 0.000 0.003 0.004 0.002 0.003 
0.000 0.000 0.000 0.000 0.000 0.000 0.000 0.000 0.002 0.001 0.002 0.004 0.002 
0.000 0.000 0.000 0.000 0.000 0.000 0.000 0.001 0.000 0.000 0.003 0.004 0.005 
0.000 0.000 0.000 0.000 0.000 0.000 0.000 0.001 0.000 0.000 0.002 0.004 0.001 
0.000 0.000 0.000 0.000 0.000 0.001 0.001 0.000 0.001 0.001 0.002 0.003 0.005 
0.000 0.000 0.000 0.000 0.001 0.000 0.001 0.001 0.000 0.003 0.001 0.003 0.002 
0.001 0.000 0.000 0.000 0.001 0.001 0.001 0.001 0.000 0.002 0.006 0.004 0.005 
0.001 0.000 0.001 0.001 0.000 0.001 0.001 0.001 0.003 0.004 0.002 0.008 0.010 
0.000 0.002 0.000 0.000 0.001 0.000 0.000 0.003 0.002 0.003 0.004 0.005 0.008 
0.003 0.001 0.000 0.000 0.001 0.003 0.002 0.004 0.003 0.004 0.006 0.019 0.011 
0.004 0.002 0.003 0.002 0.002 0.001 0.006 0.002 0.004 0.006 0.009 0.022 0.023 
0.002 0.004 0.004 0.004 0.003 0.003 0.004 0.008 0.005 0.019 0.022 0.024 0.027 
0.003 0.002 0.005 0.001 0.005 0.002 0.005 0.010 0.008 0.011 0.023 0.027 0.030 

Players: 9 signed
0.000 0.000 0.000 0.001 0.000 0.001 0.001 0.002 0.003 0.002 0.009 0.007 0.008 
0.000 0.000 0.000 0.000 0.000 0.000 0.001 0.002 0.002 0.003 0.006 0.010 0.011 
0.000 0.000 0.000 0.000 0.001 0.001 0.002 0.001 0.001 0.008 0.007 0.005 0.014 
0.001 0.000 0.000 0.000 0.000 0.001 0.001 0.003 0.004 0.007 0.006 0.007 0.018 
0.000 0.000 0.001 0.000 0.000 0.001 0.002 0.001 0.001 0.007 0.003 0.011 0.014 
0.001 0.000 0.001 0.001 0.001 0.000 0.001 0.002 0.005 0.006 0.010 0.015 0.018 
0.001 0.001 0.002 0.001 0.002 0.001 0.000 0.002 0.005 0.012 0.010 0.016 0.018 
0.002 0.002 0.001 0.003 0.001 0.002 0.002 0.000 0.010 0.007 0.010 0.025 0.023 
0.003 0.002 0.001 0.004 0.001 0.005 0.005 0.010 0.000 0.015 0.014 0.025 0.027 
0.002 0.003 0.008 0.007 0.007 0.006 0.012 0.007 0.015 0.000 0.022 0.028 0.044 
0.009 0.006 0.007 0.006 0.003 0.010 0.010 0.010 0.014 0.022 0.000 0.035 0.050 
0.007 0.010 0.005 0.007 0.011 0.015 0.016 0.025 0.025 0.028 0.035 0.000 0.071 
0.008 0.011 0.014 0.018 0.014 0.018 0.018 0.023 0.027 0.044 0.050 0.071 0.000 

Players: 10 unsigned
0.000 0.000 0.000 0.000 0.000 0.000 0.000 0.000 0.000 0.000 0.000 0.000 0.000 
0.000 0.000 0.000 0.000 0.000 0.000 0.000 0.000 0.000 0.000 0.000 0.000 0.000 
0.000 0.000 0.000 0.000 0.000 0.000 0.000 0.000 0.000 0.000 0.000 0.000 0.000 
0.000 0.000 0.000 0.000 0.000 0.000 0.000 0.000 0.000 0.000 0.000 0.000 0.000 
0.000 0.000 0.000 0.000 0.000 0.000 0.000 0.000 0.000 0.000 0.000 0.000 0.000 
0.000 0.000 0.000 0.000 0.000 0.001 0.000 0.000 0.000 0.000 0.000 0.000 0.000 
0.000 0.000 0.000 0.000 0.000 0.000 0.000 0.000 0.000 0.000 0.000 0.000 0.000 
0.000 0.000 0.001 0.000 0.000 0.000 0.000 0.001 0.000 0.000 0.000 0.000 0.000 
0.001 0.000 0.001 0.000 0.000 0.000 0.000 0.001 0.002 0.000 0.000 0.000 0.000 
0.001 0.001 0.001 0.001 0.000 0.002 0.002 0.004 0.003 0.005 0.000 0.000 0.000 
0.002 0.001 0.000 0.000 0.002 0.002 0.001 0.005 0.003 0.004 0.005 0.000 0.000 
0.001 0.000 0.001 0.002 0.000 0.004 0.003 0.004 0.006 0.007 0.012 0.011 0.000 
0.002 0.004 0.004 0.003 0.003 0.005 0.001 0.006 0.008 0.009 0.008 0.021 0.019 

Players: 10 signed
0.000 0.000 0.000 0.000 0.000 0.000 0.000 0.000 0.000 0.000 0.000 0.000 0.000 
0.000 0.000 0.000 0.000 0.000 0.000 0.000 0.000 0.000 0.000 0.000 0.000 0.000 
0.000 0.000 0.000 0.000 0.000 0.000 0.000 0.000 0.000 0.000 0.000 0.000 0.000 
0.000 0.000 0.000 0.000 0.000 0.000 0.000 0.000 0.000 0.000 0.000 0.000 0.000 
0.001 0.000 0.000 0.000 0.000 0.000 0.000 0.000 0.000 0.000 0.000 0.000 0.000 
0.000 0.000 0.001 0.000 0.001 0.000 0.000 0.000 0.000 0.000 0.000 0.000 0.000 
0.001 0.000 0.001 0.001 0.001 0.001 0.000 0.000 0.000 0.000 0.000 0.000 0.000 
0.002 0.001 0.002 0.001 0.002 0.001 0.001 0.000 0.000 0.000 0.000 0.000 0.000 
0.003 0.004 0.001 0.001 0.002 0.002 0.004 0.004 0.000 0.000 0.000 0.000 0.000 
0.005 0.004 0.003 0.005 0.005 0.003 0.007 0.004 0.012 0.000 0.000 0.000 0.000 
0.005 0.002 0.002 0.008 0.010 0.003 0.003 0.016 0.020 0.022 0.000 0.000 0.000 
0.005 0.007 0.008 0.008 0.014 0.011 0.009 0.014 0.025 0.028 0.040 0.000 0.000 
0.011 0.011 0.013 0.018 0.013 0.021 0.024 0.026 0.030 0.042 0.034 0.058 0.000 

